4504
18126
17485
2863
1328
23016
2049
6919
21181
16153
6846
21523
5709
16032
11740
18399
3258
23080
533
2906
22221
24999
20628
23756
22233
20359
10289
12424
4405
12292
18242
17406
3182
6101
18355
316
18405
3174
20825
6550
20532
3397
18051
20460
16631
7755
7890
14379
11761
23582
675
4118
2668
565
1707
5447
14125
17212
5970
6856
11431
12840
19811
3135
5487
9357
17219
11106
2888
9846
6616
17151
5304
1004
18204
4575
8179
22428
17418
9715
9806
8170
15424
8239
3134
5826
6501
21791
15018
8632
3245
5176
23750
7814
7195
10320
19594
15935
382
1744
9059
15081
24775
19784
17192
3240
18866
22380
2471
185
1411
21566
11873
16596
22555
21204
23467
1126
1723
3164
12599
6981
4296
3933
2130
15333
7527
12352
6823
18994
6019
358
7332
14127
7214
211
22643
23
16236
18468
23925
4363
21982
6253
16658
3195
18949
4494
23579
16616
3412
7943
3771
4737
7107
3529
171
9484
17898
14015
12710
16816
5251
17317
3189
6504
21332
8351
6787
3627
23923
17974
5323
10338
34
17023
7073
2425
1661
6204
21750
21185
11401
894
2424
1197
17608
3835
12609
18628
17490
24789
7543
12799
21070
24604
4404
14932
1089
6589
6199
21978
7406
1578
5051
16685
24728
19588
9710
3860
19620
23902
4092
14689
3241
10948
589
14617
9132
8571
3708
2093
20975
18315
5290
15464
3339
9211
427
6938
15934
21468
14975
12053
15110
3809
16555
18486
11247
11052
8681
17733
21929
16772
16781
1256
5813
12262
13354
4533
14657
17538
5565
7943
19051
5696
4135
5683
17635
11979
9697
7716
1875
18692
5355
9251
14563
8665
1117
7323
8568
984
6778
3324
9565
24543
14362
8214
15949
10390
1183
8904
1799
20543
24178
21282
3435
4428
11478
2216
15869
21522
7326
20032
5408
1429
7099
21326
23468
2301
12848
5749
8922
5343
473
6105
8679
9718
11441
7698
12576
15579
7060
5276
22814
3475
2308
17645
7410
11704
11168
3943
130
7003
5185
4318
6819
4240
3111
3380
11402
20338
14228
7820
5566
19785
10991
12827
5064
13649
23228
4509
10111
2238
17649
9079
5133
7764
16084
1841
1437
4411
4035
16559
22681
16427
6284
15816
4655
6916
1047
15638
5884
2250
2801
11863
548
19663
18770
4203
3616
465
24993
15488
6761
7237
3830
8098
3060
5388
17232
182
3615
6366
1825
6953
22123
12812
23694
197
21786
20642
547
6212
20771
820
11175
14408
6403
19488
22932
2225
7710
14837
17610
3976
3455
6610
12931
3005
13308
4939
17546
2716
1990
15007
6568
16061
19999
5253
21087
22940
1037
3529
19931
3334
2862
24377
13094
8485
19460
5700
6811
22845
7059
5285
2549
6520
15984
7781
17033
1287
7765
6711
4416
22691
1170
5776
6210
13243
22494
16159
4968
7190
1791
10617
3968
17051
16366
4023
9598
8631
19838
2204
3497
23295
16550
2570
8580
6167
5093
3941
6894
4394
19654
13154
300
10394
8484
18273
7373
7443
20432
15712
16903
3667
1688
9410
6640
10837
19594
16945
2327
18118
5914
6527
24220
6463
2944
6835
5606
23004
7550
21370
24723
22284
22912
8956
3253
4851
13356
6256
6971
20492
22044
20178
6829
20755
2698
6573
6685
20514
21035
3636
18522
3954
19319
3661
4966
13124
15944
464
23594
9784
9450
6580
4713
1110
10578
7651
19699
8820
7929
20415
12827
13807
20203
1365
17514
3877
18970
15161
1517
4259
13817
17906
12717
21882
18246
527
23702
23639
24359
19690
2578
14067
7377
3012
23038
1608
869
5017
590
13798
908
23901
16980
19460
188
11624
1791
19963
21755
1230
7234
367
8475
3570
5585
6919
4143
972
11540
23488
14405
15752
8189
6613
8404
1033
9020
14634
4408
23981
5245
16
3716
11259
20688
9107
6920
7155
5322
1371
17787
4461
5218
2256
186
16060
12327
17282
21713
5772
7112
3271
22473
18738
14427
12454
1699
22403
7266
18931
18156
4176
3050
1980
9874
14496
1654
60
19958
1398
14909
270
22594
19229
22231
23996
1533
817
22045
23224
7221
4863
498
24244
4060
6512
22588
12589
11917
1346
7759
7829
4785
4616
4524
10160
15622
4780
12334
16447
19039
11642
11878
24796
19961
19606
17552
3709
9741
16592
18373
18204
7418
8414
458
21710
5373
3019
1800
9523
6971
1783
23541
20310
11606
7096
22484
3765
991
17439
16096
3051
10771
18486
10927
6284
2464
18824
1909
169
6673
18217
18310
24949
2849
216
7736
1630
1189
12746
12327
2264
21333
1794
13027
2175
12804
8413
4808
16275
14269
266
18292
9777
1937
306
19583
3648
5934
2044
4710
2273
24370
8301
6687
22154
81
1526
15060
7852
6995
20726
8962
13020
24962
10849
17153
2647
7738
7521
23281
4370
20305
5748
723
1113
18425
23790
5437
694
17228
16889
12882
21268
13976
10531
3402
10020
6707
5527
1070
23808
7384
301
4863
1039
21610
16422
20535
10536
14873
20075
11447
11770
19435
2230
19939
12203
19068
18939
2219
16575
6993
9608
24267
6292
9578
4139
3950
10251
23574
4027
1926
5282
2660
5361
6023
14304
16054
4608
17005
19768
18384
6115
1755
5394
20786
3286
10637
17774
14570
4065
5416
3107
21902
21680
20921
21063
4905
16133
12195
519
10323
7370
6933
11481
21694
18642
11267
6768
14094
6736
9611
4393
21552
7922
21179
6435
1743
2190
15034
5444
8043
20254
17188
8610
19115
977
1882
24958
12788
2370
1529
12768
2618
1221
5145
8431
1302
5118
12249
21119
22553
19988
10617
10809
20065
4391
5065
24821
6249
6374
19024
2411
20005
4676
1455
18443
22351
67
9871
16937
11772
7017
11480
2141
12146
24243
12067
42
3477
16383
1227
4317
16512
19550
8735
6072
2018
22194
14355
1448
13737
4660
17721
22068
22851
7810
21041
8399
23586
18447
12360
8848
7272
6483
8872
10824
18852
4260
10188
3115
18779
19037
5519
24826
4842
11998
1894
4592
7379
10780
12291
6484
4663
6106
15451
19087
6379
2912
530
16310
15822
2540
20501
17658
6577
6023
18897
4199
3703
8257
675
8497
3479
758
3047
16542
5208
8603
5004
2591
9061
6212
20479
16064
1042
1160
760
1563
10566
9319
21178
3208
848
3466
4663
7689
17150
6973
1811
1923
14228
23449
1679
998
6258
4772
14562
400
5226
17565
11123
15255
6848
1794
20593
10598
2611
500
5870
17178
2259
1910
1002
17165
15946
11506
11660
15611
13864
677
10702
12387
674
2908
7802
6704
4364
4846
11415
18841
7375
11244
3593
6814
2395
19679
19904
1460
665
21200
20527
1498
178
3342
16384
4453
14956
13867
13062
6521
6231
7328
7027
7721
12618
2706
22859
12896
6292
3597
24
4737
16856
24465
9440
21621
5303
12562
18516
4299
4756
19492
12618
2980
21525
5653
19309
79
19974
2453
24115
19562
5634
4357
12304
16019
2356
10308
2114
13670
6874
1416
20172
10768
14892
23443
7134
24683
2044
21451
9365
194
15998
14070
7551
19128
4297
17589
21826
8860
4119
561
11517
22304
23634
5812
15887
2418
21511
10106
10046
16010
1119
21471
6171
12813
16500
4090
17133
20594
21497
10130
10987
7267
13221
20560
8878
870
9977
17278
3813
1044
8767
9486
16715
21897
6430
23518
7726
20790
24428
16186
3121
7020
3139
15779
16237
8258
4951
24782
3572
1832
2182
21232
1982
15140
16817
18745
10439
4253
19147
5622
3520
10615
24623
4148
24836
5615
399
7610
5071
23207
7010
6798
14250
13387
525
16898
3114
15989
5078
9752
5338
462
7796
12396
19318
11639
15435
18106
16986
7679
4799
6303
19257
8597
12343
6396
5226
6384
13252
4304
6840
16012
650
22653
2794
15225
1670
12934
10682
10863
11664
11232
5001
1972
3907
20111
2259
13858
6515
49
17487
4130
24566
4617
9402
21981
6910
17773
3676
6181
18414
17057
8179
2055
18835
3087
4559
7228
21213
5303
10118
22008
1590
12844
2112
6434
7954
3639
15669
2629
22984
10144
10126
7247
3488
866
23466
8728
11565
19519
23498
7637
8413
10940
18671
7382
12238
15437
12874
6444
2363
8732
5964
1752
19992
2910
7135
3503
3090
2790
13
14754
14331
6423
2303
18558
16780
16436
5489
13838
5571
7034
13380
1274
952
6569
9660
2850
5858
662
6979
17811
13504
18493
5061
22230
22493
1141
20822
3493
24339
18988
21353
24071
6067
11077
10635
21406
995
20486
23415
5511
3681
14879
4530
24962
6144
14568
18626
16979
720
4419
17563
1384
23195
10402
22618
13243
6277
5250
22069
4602
828
3128
15282
2622
1425
18226
3184
12025
8396
3257
6947
6219
2743
22845
4604
6158
20436
7178
10344
23096
568
19290
64
5106
19100
6356
16673
24399
4018
11571
6756
19615
10165
490
8529
18949
18500
18918
24463
24533
10352
2764
9695
2169
2324
9349
5475
10206
5989
4414
7960
17731
24009
17557
19139
970
14061
8794
13100
3506
5481
21138
12748
8668
16295
5826
20652
13100
12573
1130
10969
7635
3407
18639
12563
2771
10784
23037
9925
23106
9602
14605
2450
1682
1836
10660
357
14392
5555
700
5601
19876
4853
6911
21587
2552
570
8272
6277
13861
13251
15301
8412
15155
3208
7754
22053
20007
4740
11183
11027
4905
4948
1622
12084
6718
6400
14733
11269
908
8473
11139
13482
14324
18948
6009
24034
4413
2285
11973
12859
13751
18400
10495
13954
21572
23883
15294
4734
23526
2368
16291
12766
1845
15874
9881
4039
3343
1614
10074
11410
5637
22340
16950
16110
16404
1766
784
20066
22513
14305
9385
3989
1793
1905
6009
1202
8184
361
15290
18310
12248
24563
12256
3340
1444
18101
12646
7251
6869
21342
6675
3998
3821
6327
8285
18452
19402
14404
4980
18873
4701
2973
6274
5021
22980
5912
19761
18516
1941
23818
4551
15013
6596
8782
2670
12934
10183
4757
5958
7329
7503
23775
11454
9232
24122
4240
21376
18310
5343
20678
4270
6097
2249
20970
21722
22978
1576
21893
14906
167
2148
6229
2659
5444
15731
1273
20821
15413
8589
19145
8632
18871
7495
2593
3261
23760
11485
599
7464
6315
10523
18195
14020
9360
6013
3919
22584
1644
17813
11271
18753
22413
13229
8051
23584
801
4782
1003
6389
1624
22848
23674
1100
5382
13363
805
103
20677
22046
726
4404
6467
2205
5588
13761
7736
11968
6549
21797
18171
6194
9799
5544
20725
11960
8844
5766
6814
915
23500
3751
6094
18726
5927
11571
23199
4828
6371
7453
15065
18756
16186
7293
4526
3623
15280
12714
23976
21212
24300
12840
311
24425
21485
13678
7023
13004
5575
8723
3113
21730
2549
4211
20873
7649
5361
23796
5952
345
23810
12174
6219
2457
12117
7306
692
7815
15184
17033
5584
7191
6179
2505
3112
9480
18592
1788
10211
3378
12620
20825
4396
21869
13494
11535
16152
7855
2143
2071
12875
22644
8667
21362
4347
11875
11599
24467
24157
6022
7003
4797
9279
14010
24675
10896
5526
19840
7176
2129
2873
7987
3996
12679
2654
11938
9398
3117
11875
23777
5010
22309
11567
419
277
15737
9946
323
22352
3272
20250
20452
1234
18247
10463
356
5843
5894
15498
12184
2086
1653
7345
24085
5591
8742
6014
6819
9886
1580
4434
1126
5642
9893
4692
24408
15697
13484
1654
1233
3967
7602
2129
10352
11093
12086
1519
5039
24220
1458
22642
5234
20890
7544
24108
21280
9004
14013
7670
11822
2837
3173
7205
4576
5358
1823
4977
18009
21311
4714
7864
3156
6748
16344
18019
23708
6891
5178
18511
21985
7909
24860
11103
8140
5483
2307
11160
7070
24940
14036
18645
2068
9924
16607
11708
7309
15118
15643
752
24430
18990
10931
648
15302
1800
21698
24513
6702
3893
21083
22255
244
727
18381
6162
7632
482
19749
2950
1837
23742
7668
563
8644
21074
5290
7519
1470
21060
16674
21480
10081
19398
6640
1831
3693
24243
4177
5497
327
8922
14754
17248
1750
6130
3148
2625
15332
7599
1766
18143
14
931
7075
15648
1376
2240
6254
4590
18787
3421
16315
617
3409
1456
7200
11379
14474
4996
24836
10997
3239
12595
3606
24968
3023
13909
13601
3670
20441
6265
2719
19081
14993
3898
4972
3420
6054
20398
9532
12625
5572
388
6511
3291
23293
10644
15435
19550
14445
156
8043
18331
16670
16015
1984
10576
18473
12336
6957
20839
2590
19168
23895
10094
1446
12980
7380
3999
18279
1315
3779
545
11560
2015
285
21927
654
2929
13866
2510
9990
6530
24247
5421
7283
4079
21158
13984
2090
8788
20975
2438
3453
18325
13510
4725
237
2617
869
337
24083
6248
15115
21484
1073
15766
669
9011
22380
2536
24172
20645
20380
8959
1135
10250
5480
4939
3794
18785
11292
3049
22263
3442
20668
11240
24477
733
1277
6888
18086
16523
6002
20780
1053
14492
10781
978
6775
8168
21862
15785
7193
1322
4473
6298
10779
11937
11467
5538
20556
17785
10309
12310
206
7819
7844
14208
16099
6792
15136
586
6687
13403
843
448
14336
1135
5781
7699
13796
23086
21230
18947
19002
15589
24547
18204
7492
16900
15885
11076
7962
13010
1262
5636
7499
6208
5629
11782
10144
21861
7500
12070
945
17962
1384
7883
6332
13895
216
6776
6931
17518
6346
4854
14294
1477
16931
5045
24433
7154
5878
18314
5534
15699
24158
2267
2382
16547
10639
22305
308
23044
24178
10413
17371
17249
21903
8438
23642
10002
3888
306
228
13582
17347
1827
10229
6236
21377
11828
9770
24779
22861
1732
18648
13539
823
6082
6407
24603
8225
7378
11680
4429
561
16558
1325
23910
7649
1257
11489
23138
14483
9488
22744
1232
17569
20282
20895
3561
17220
10433
23287
20223
6452
10138
5678
3436
23735
5601
12207
8976
5245
4624
14579
2088
9931
11090
11480
10659
374
19275
10329
5662
11507
15163
7382
5482
24620
7818
24541
10828
21686
22918
7009
3998
17769
2826
23626
24277
7727
6753
2421
6634
5057
2692
10718
3541
13454
24769
4283
8574
13333
5917
24779
17454
20118
15578
2054
1950
12076
19132
4110
2933
24349
23208
14575
19984
22205
7351
16955
862
5519
106
13538
14610
1454
6790
6504
7220
11883
7458
16726
8801
6288
5630
23614
4306
5061
1390
24057
9083
7784
11639
6707
6221
19906
2642
14634
6590
8352
591
2058
7742
17183
1403
4821
22766
23572
7613
5273
1845
18858
24733
14650
3083
4429
12191
5306
21225
1735
15127
7390
3696
3329
9316
24667
178
8173
2730
21912
1126
1841
2682
1718
13151
15143
12725
16078
13799
442
6346
7289
19816
20371
3508
11670
10460
10525
22095
5791
15205
17894
7260
5437
7135
13495
4395
16182
20117
1854
16856
6683
2665
18738
11481
16719
10072
9710
1864
15965
3774
23138
19036
9745
12213
7534
20868
9714
23876
17776
7863
1862
9686
872
14597
19359
24111
22874
22899
9676
13958
20468
23045
19763
16952
12145
6940
13701
10170
16317
21250
20915
3281
21466
6684
6760
4869
9346
21312
24022
5803
15886
8574
15542
12322
1430
14660
5858
2168
6490
1340
5502
12142
4192
16729
8046
11489
23903
4498
4537
9323
22748
17422
2903
4585
13971
6313
22150
62
2160
1206
17611
19313
16062
6565
15784
7218
9912
4070
2185
22218
1406
10023
2635
21555
6091
10747
6742
19918
1820
3388
7490
12628
21907
19858
12753
3943
15701
4276
11124
9290
1912
14862
7344
3078
18249
19660
10698
20462
21782
4630
7201
1933
655
3044
10819
535
3274
2580
8299
3173
15208
5562
20521
1629
11818
9911
16298
13746
5439
22413
24121
20495
10730
2929
94
21370
11128
15010
13094
21822
4855
22778
2012
15657
18774
2754
5655
16632
1280
7115
7315
13328
4882
2834
21284
7623
3392
19108
449
21985
17939
819
10205
5839
4790
21767
6580
7989
4881
3024
7708
23051
5373
16826
21569
7263
1264
7530
206
4384
2996
23881
15096
4750
396
24207
1597
7280
14358
5850
7662
18950
24991
13382
13673
13929
5923
14071
2530
20639
6196
4597
10666
12347
10854
3031
15832
13453
15136
16772
4464
9238
8661
4277
12329
24638
2804
23007
204
330
15868
13176
10937
3296
21588
17784
10212
18124
8314
5482
288
11552
12195
22722
16098
19896
2779
16753
13610
12068
6669
5903
350
9161
14172
15416
2479
3562
3595
20819
2775
5179
18658
17071
12123
975
6994
7190
5206
2698
11268
6279
2207
24097
22572
5342
16756
19560
3908
1295
24254
8244
12574
18603
1174
803
5009
10746
11785
7153
4600
15250
7448
1149
13584
12622
3075
11843
3673
16331
968
1674
19206
11383
6718
3936
2456
9194
10086
2189
5960
19066
4892
7718
14372
15113
6019
7259
14004
1658
3103
18875
7549
4933
18751
78
4389
20094
4498
5284
3896
15420
4504
524
8907
353
2261
22335
13479
7574
23234
2310
9169
7649
24269
9056
16783
23929
14282
10841
2413
18649
21530
5560
1208
22291
13138
7488
1635
11623
19335
18514
23137
8468
21449
3400
2802
2926
6125
1156
21545
9265
14736
11970
7725
22037
600
3660
21031
16802
11133
18613
5539
158
16008
3568
13083
2469
4531
3650
2072
9520
12146
4885
7834
505
2664
6438
5138
709
6677
22329
15758
6843
5590
1363
2637
11325
4253
8529
17075
7045
13131
23551
19879
3730
16027
5931
17180
12706
5473
21980
9269
20738
3035
12277
24236
5356
3711
5526
8052
488
16757
18381
14493
3374
13726
23200
7801
7554
22301
726
16381
10689
8765
2847
15977
2620
6619
1906
18476
22963
6509
3414
6913
4100
2115
4706
4023
6796
21005
16928
24336
3148
18590
14671
24863
18479
21231
8337
9464
2404
3431
15685
19147
863
16217
8446
10033
23653
18895
2955
18450
4224
4574
7568
16582
1375
13881
6252
378
3465
3962
22197
15830
9755
9407
4393
9949
22809
7122
2918
6764
6658
9643
16133
14310
20647
17833
3202
23367
1596
6743
16767
7320
1800
2996
3274
7202
6202
70
8828
3527
4493
623
13795
22797
21549
7520
6338
19868
5266
12877
6231
5651
4580
714
23166
12310
4680
653
24724
16882
21395
4595
7703
4572
5955
15871
18580
20055
4630
10728
4944
1892
4493
12027
1171
87
1105
11785
7130
2943
5778
11371
9548
6038
1236
16962
17944
12322
21394
15875
21533
22140
4327
8500
1881
20127
23515
23152
15750
17075
1810
24753
14410
14866
14644
5071
2990
7666
1712
1603
20689
3997
15298
5169
3894
16349
7935
2558
7227
2260
16943
2166
16899
10283
21850
4513
7095
945
12326
9486
8496
7550
1376
3281
5936
6649
4912
16881
14362
1159
3530
2453
2071
6589
8570
1537
667
6200
22328
16675
23375
24306
4036
4579
10544
23112
12828
1466
663
15490
6260
21986
2514
15354
1061
1830
9996
6873
22985
15979
6849
10238
5822
20360
6932
6320
3593
6362
9324
17558
1701
22339
1044
11077
4180
22867
11402
9242
764
2576
2739
5425
15214
6386
14413
17781
475
394
5965
24441
8112
581
1761
766
6332
9123
2688
6454
2160
3532
17465
6977
19054
5349
490
14997
8828
3711
4859
20715
1571
1066
9074
1151
17339
3656
18319
6713
7170
7812
514
6994
565
6365
6324
12657
21910
1390
5660
22295
8782
8328
4675
1663
956
7049
23106
11690
24303
6255
18282
16385
15801
12936
23787
2877
24580
18924
7042
21380
5569
4005
917
6444
16639
2101
19745
14245
4041
10353
9462
7882
10068
7957
1984
1177
22455
5400
7042
6051
1875
5497
22718
766
3645
15802
20528
1241
17137
21476
24836
21671
22505
1132
7277
7367
8119
92
448
13451
21624
4749
23847
13761
3113
19323
7410
10199
12166
2833
23819
1178
1608
21671
6201
17951
9935
2289
6312
16155
9001
10298
7943
7057
2218
15201
12530
4683
1116
11267
23840
6083
10960
1089
3096
21442
3270
23491
12648
5760
14418
5628
20558
4437
127
21936
442
7695
12448
18868
13755
23501
15189
14070
1818
22668
15819
533
2444
18208
24463
18481
18475
2533
764
10269
2087
1174
9683
6220
9145
2782
410
16146
4441
2469
9544
12613
2441
16565
8064
2020
2769
20661
18972
630
3364
20446
9596
1454
21155
12565
23552
1518
20424
1080
13850
426
16838
10245
5287
17430
7031
21303
983
1754
16022
14577
17994
4717
21806
19552
18838
1536
24402
1525
4647
1980
18703
22992
14478
6678
7327
8347
12030
2626
9439
20662
5978
3007
5124
4142
16274
19506
649
20948
14384
18132
23147
4875
14638
6192
665
6234
18699
3824
24230
15947
23070
3119
5402
258
21033
21621
23528
22650
12337
3214
7257
4261
17549
12772
23624
2091
12094
6222
1327
6997
6270
17041
19266
1209
22427
21910
23130
13537
6750
11996
6198
18055
2815
22136
5245
2316
4468
21082
1854
3538
15170
16081
12060
7750
15835
20562
23548
2586
3752
8821
6305
24313
1937
5784
23426
4629
7570
20904
1458
6813
1200
6317
7616
17947
6253
5118
19232
1590
22936
2637
2
20578
12249
7028
6249
7657
18283
7223
14471
10092
4979
22700
4807
5650
19088
14441
14739
20453
4531
1901
22655
464
18737
16522
2557
22221
12310
4545
7579
23927
20925
19406
16802
14844
4085
7709
15904
20093
1982
7454
6569
8345
11597
7421
10809
21646
2299
1941
5685
505
4869
1093
178
4545
4616
8963
6230
1215
2635
2593
14718
11456
865
20590
12848
16142
1679
2782
24626
8524
3659
3724
4546
12048
22150
17775
24199
24758
13556
7754
3272
2579
4561
20529
22236
16999
4269
5537
9441
13999
435
3367
3761
17497
17063
3164
14866
18017
7590
8295
1925
7068
2451
24587
19778
7411
11207
7178
4081
5330
15016
1899
21180
5969
22214
7488
5179
17587
5538
18147
5296
23918
4943
130
12572
2186
23997
17952
9650
2749
9867
12222
1531
22198
12134
13602
401
3840
19896
24279
18775
24362
20714
2165
2081
3709
13620
6179
7345
6725
5900
20313
20265
17515
18110
6379
22696
4083
3020
5787
9590
6890
20886
7237
1922
7738
21659
946
2919
13320
24832
16349
3586
16901
4320
20730
20319
2565
8901
7736
11820
24413
12478
564
8118
10608
23985
9232
24891
3027
2891
20812
19912
22959
5742
17404
260
22631
14082
6801
1668
5499
3655
893
4728
21421
22450
19241
11998
21346
6431
1921
12606
6306
7565
1275
13758
7747
9336
507
19134
5587
7011
13251
5903
7213
5556
12017
12383
13711
5404
14665
13816
12065
567
1805
939
15976
18057
13194
4358
11523
5610
22029
20686
2646
332
12598
9385
2221
2490
1716
14618
1843
6723
13872
23986
4645
10775
24534
11653
160
5729
4114
7132
20674
3022
22679
14633
16511
17037
6398
17472
19378
6863
1677
23491
1559
121
5230
566
8822
31
6297
4749
10299
21940
8988
115
5052
14567
2570
15109
14051
336
10267
17214
7717
1196
14035
19676
11322
4925
17668
6474
14389
11637
10248
17671
13526
2612
3713
20167
6078
7337
6316
1617
4579
13285
5991
18609
23133
18894
23438
24007
2040
9146
23788
14727
3859
130
6087
6914
1592
19130
2437
19334
20309
22406
15750
9089
11915
1966
14834
9419
3485
7501
4605
9293
5658
1023
2279
6620
18391
1738
11377
16051
15903
2254
15885
3704
3500
7583
2677
10877
3091
5003
6143
12386
16858
9895
15888
12825
17445
11447
6990
2386
14810
182
2618
23832
14634
7290
24102
16900
6297
9339
20323
10929
3071
11093
3847
15471
24240
7341
18412
23612
19473
2001
12540
2032
5260
11394
5292
20407
5958
3958
4127
964
326
1593
6509
2204
4953
21629
3251
4497
6596
4498
10605
4777
17793
7807
18272
22494
20719
16977
989
15311
9515
24755
1459
5270
8243
7447
8293
7579
644
2580
20196
7650
18505
5673
19357
18360
20720
993
2062
15595
4464
18271
5013
2947
9974
16411
4771
24532
3544
22325
1103
5917
12113
22538
8277
6934
4502
14086
13376
1533
12584
15033
5765
19466
7091
15148
8403
5468
12854
2509
21184
23675
22117
24969
23269
20007
1868
20562
20565
21945
12596
10241
842
24592
13514
4262
23913
19151
2006
4437
5959
21446
7978
907
1411
7341
332
1002
3350
5912
2933
11874
24576
2815
20507
7697
16485
14205
3619
21323
5120
7924
10955
1373
11991
11407
5088
4014
19831
2953
6923
21583
1153
12940
377
2741
18789
2267
5675
781
5830
13524
17651
13263
6743
19928
24321
17814
6004
18542
7189
4399
9515
1263
15973
17391
10492
13955
16089
7754
13576
13899
4693
162
10998
5856
16223
14941
100
3069
2074
20282
16099
6352
23290
9957
17731
17527
21984
23241
11794
9696
192
5669
7607
13585
970
15458
1987
23506
15358
18852
3235
23687
19492
8607
11695
14251
21538
16556
8622
1401
5519
795
12414
6124
24016
5411
3670
5954
23424
2385
6823
6332
366
12886
21027
16578
1305
19292
21812
7781
9623
313
208
6308
21999
837
9139
3627
20235
4041
5413
14521
5203
15704
4422
24856
4117
22186
24000
5619
2305
9679
4916
3563
22797
6209
255
7530
10004
20869
3926
9252
10732
7556
4207
3587
13863
6796
6154
15938
21346
24028
7073
19747
21285
8345
6468
19941
20235
15786
3167
12528
21027
16114
7360
5716
12693
17671
9083
9329
22665
13191
10289
14071
2884
5635
4953
6250
1004
7454
2493
17886
6255
9487
1280
20001
10967
21381
4822
6289
16896
1354
11701
6059
13493
3172
2907
1334
3152
12248
1312
4928
321
23047
1485
17607
8169
2014
21013
1250
12542
337
2603
19857
2001
9096
6260
11034
20183
196
17150
9726
10982
20907
16209
2347
2345
3354
21166
22643
9084
6787
9589
2877
507
12720
563
24442
21025
13798
1499
22747
14637
1229
9556
16449
9674
23407
11316
14198
838
22271
6348
13594
7259
16636
6076
6968
6725
190
11975
1618
6595
10545
14339
4561
17801
11047
2498
15610
8245
499
16604
1125
4417
3635
4425
11480
16552
4845
3529
10908
1340
2270
7238
12151
17312
15374
1229
21722
1746
1536
22105
13914
13067
17417
9296
4196
4441
15127
890
14125
7277
14036
1527
6209
9977
15923
7441
17981
16732
21546
522
8182
8833
19720
3270
16635
6148
3593
17676
5080
16791
2431
4713
2173
7077
5940
1510
21599
7477
23078
108
19453
2920
434
4781
4045
4222
16412
12460
432
17198
2981
15999
5867
14733
24102
23123
14736
11129
17940
1970
10044
4446
22244
8193
18250
6784
4825
11341
3880
4923
1276
3143
7505
19560
21428
3724
123
17720
24982
24106
7529
5053
3798
1976
4411
8655
6455
9638
3357
16965
14167
21741
5749
4333
6367
12328
7681
10470
2425
6923
22057
5763
15426
17683
3944
2235
91
23494
2225
847
4771
12860
14416
6987
13287
478
6558
9488
1076
10350
21385
13489
5971
1864
21396
12045
10679
1599
218
21533
6196
2474
8905
23255
1184
15576
12580
1106
9670
12003
20433
2178
19936
19433
20989
3110
20909
22912
23421
24856
1052
11955
18622
3421
1152
11592
21247
11910
15388
24645
17597
15726
22073
522
21103
9389
1301
6135
2508
13685
23590
3777
5962
16795
18432
15930
13056
13119
10235
5159
8942
18351
17728
5846
19619
4065
7685
2423
2935
9760
3423
9802
8003
6689
9560
18601
9861
12663
3482
5063
20968
9835
1611
15586
2860
11280
16465
4149
1177
4062
22775
4178
17666
7837
21240
14806
376
20613
955
4700
24156
163
7040
15102
3834
13182
18875
3097
17522
12539
11990
7761
14952
5078
1972
813
23006
15954
6267
15588
6825
13643
19145
5777
6433
7681
24979
6851
13341
13376
15985
4311
18207
6958
3446
4970
21707
1317
19335
13705
13726
9986
14882
22092
7900
21748
3713
2851
5578
24873
13863
13135
8990
19149
10138
10772
23220
22685
18362
14157
2946
22787
14672
2153
11214
11650
19178
6293
21918
9557
5439
130
1481
2475
10702
4544
7468
2838
17124
3403
13655
20828
765
22141
5345
2989
23954
8292
10529
2455
24596
8061
22839
3862
9088
1273
4907
6087
6796
10119
6748
4791
23553
23691
11091
10680
6785
16301
5529
4228
6058
13021
4845
8117
2812
7118
12243
18228
7896
776
2002
19800
2378
22362
12581
15041
3712
21423
3308
7013
4347
4425
20459
2955
20221
2948
13996
79
11491
6012
4865
5846
86
7265
2892
12538
797
4506
3554
24743
24981
3976
24109
1799
9731
22252
19250
21580
22129
18972
18811
8748
8671
6882
18229
15641
1628
2541
8932
1585
1437
20948
6317
8275
15110
17240
1068
15860
24839
5442
4600
20305
24560
14189
5620
6502
7400
2620
839
1622
20866
5831
6638
3811
401
7090
4985
9561
830
15959
3003
382
19799
3614
23333
7757
7746
2897
1014
21355
23315
15221
1612
7801
6162
8253
902
5691
22688
20817
22861
5664
8324
16688
22615
15692
3425
1042
4334
6546
16594
18929
5609
20390
12472
2904
1882
16810
20947
4733
12736
21031
20624
1603
5573
3006
19490
9091
5459
8191
18388
52
3970
4858
18078
15080
24861
4917
17654
4961
6870
10245
1256
8259
1751
7032
24681
22412
4914
9147
5609
18786
15771
3399
17191
5972
19453
3513
585
20164
9322
21026
23852
24299
4808
9940
2809
12318
4864
20751
11257
16463
4632
10499
5634
1838
17563
3934
4370
12658
15759
5832
5035
21642
23024
12940
14464
22713
7131
2570
1199
482
3125
14956
3919
10624
10765
11766
5908
8026
14176
10657
18961
20628
23876
3961
1342
7561
15942
7294
6578
3856
8032
9744
23866
3197
7461
6175
14914
12065
16703
15777
24955
22364
3099
15013
22758
4090
18147
6311
24336
15140
12717
9141
10983
8929
74
178
24012
4405
921
5441
23529
7616
6796
9957
7453
7193
420
5054
22037
4501
21017
21622
2350
21443
18308
2196
14488
13922
7473
2441
20765
2141
20471
6673
24098
10301
20146
13813
5077
1888
3827
4815
4544
15241
23029
2357
20253
1848
1067
10801
7587
2420
3833
13176
14055
13894
17880
11778
12558
13503
1247
15834
9738
18052
254
15230
5571
17841
5228
6881
1144
13380
4891
3983
1663
5500
226
3489
1897
16994
3100
3914
9873
6846
6431
4168
8151
4205
4312
2231
18672
5913
6188
15595
5976
7978
7714
2756
3690
21572
18440
13751
1766
9488
13339
11859
24021
5784
563
3945
9426
13005
6886
5319
2698
4571
15467
15142
17357
10176
7394
19067
2789
23929
7162
10411
10534
5333
6867
24235
16070
8446
8814
22215
15599
14669
20066
2785
17939
5949
20432
13276
1752
5803
7320
15217
1420
15476
7885
20066
1266
5152
5823
5998
1429
6718
12088
21860
22949
775
21794
83
10280
2879
134
1881
10938
1154
10495
14842
4064
10011
15441
15084
22426
7387
7668
5312
24119
12440
4310
7492
2413
10252
7287
3239
19369
23144
7030
11100
4092
12112
11637
4987
3215
2912
401
2476
6256
20023
3420
23150
4069
9451
414
5855
15176
11998
5721
11044
5436
7504
9580
13323
15207
8212
1147
22511
4641
21767
2804
9949
7244
6622
1677
17908
14492
19048
3525
2154
4664
4597
10464
1029
7882
2140
8855
19966
8372
8259
5943
6589
13803
19098
4984
1889
18696
4545
4057
14271
6300
15308
21139
22573
18628
5435
11723
8239
13054
8719
3171
20345
1683
7578
3315
18302
6454
23415